NAME : Unnamed.803.tour
COMMENT : Length = 803
COMMENT : Found by LKH-3 [Keld Helsgaun] Thu Nov 23 22:26:32 2023
TYPE : TOUR
DIMENSION : 255
TOUR_SECTION
1
14
9
53
17
48
61
50
134
131
56
12
13
60
72
58
63
177
180
59
182
219
220
176
27
42
47
70
55
54
52
62
44
45
31
38
161
40
43
37
34
30
29
26
33
51
28
157
49
178
35
23
32
202
207
201
208
193
203
191
200
210
188
185
175
195
252
199
196
184
183
250
198
227
226
229
249
246
244
231
225
232
234
242
236
247
235
206
194
197
237
240
192
204
205
190
239
255
238
228
243
248
245
233
254
251
153
154
173
144
172
171
170
167
168
156
93
137
76
100
74
110
77
155
166
99
102
92
78
108
107
105
89
127
86
169
98
79
101
129
80
96
103
97
109
130
133
113
115
116
114
111
94
84
104
106
128
126
112
85
117
82
122
81
75
71
87
69
143
125
88
91
120
118
135
138
36
140
46
64
20
22
25
41
132
24
21
66
162
68
39
18
65
3
16
4
10
5
15
7
8
158
67
57
95
83
90
142
121
119
124
139
123
151
145
141
148
136
146
152
150
230
241
149
174
147
160
164
159
2
6
19
11
73
165
163
221
224
222
223
187
186
209
179
253
181
218
189
217
215
214
213
211
212
216
-1
EOF
